	ds	trend	yhat	yhat_lower	yhat_upper	fact	anomaly	importance
6	2016-01-01 06:00:00	0.023030718869594506	0.023030718869594506	0.009951141717969009	0.035450038531567654	0.03857878387951437	1	0.08110015488611871
30	2016-01-02 06:00:00	0.02298785352345208	0.02298785352345208	0.01131063841919429	0.03466866459272894	0.039667728969027594	1	0.1260234580155044
31	2016-01-02 07:00:00	0.022986067467362814	0.022986067467362814	0.010853198230721341	0.03499764779630445	0.03570365905761778	1	0.0197741990582528
53	2016-01-03 05:00:00	0.02294677423339892	0.02294677423339892	0.010754735902583978	0.03596813659345659	0.049305943080358364	1	0.2705111322009183
54	2016-01-03 06:00:00	0.022944988177309653	0.022944988177309653	0.009563219137496142	0.03629803344134144	0.04026921590169314	1	0.09861583771698737
75	2016-01-04 03:00:00	0.02290748099943503	0.02290748099943503	0.008830313452622269	0.036464841916066956	0.039833704630533456	1	0.08457317102974622
100	2016-01-05 04:00:00	0.022862829597203333	0.022862829597203333	0.01040430141461349	0.035645922336816946	0.04733031136648843	1	0.2468690505582529
171	2016-01-08 03:00:00	0.022736019700790516	0.022736019700790516	0.009774437942869233	0.03459113219119656	0.03481761387416335	1	0.006504801959873826
197	2016-01-09 05:00:00	0.02268958231228377	0.02268958231228377	0.011101556504487475	0.03449651482443612	0.04023684877338047	1	0.1426636062201269
222	2016-01-10 06:00:00	0.022644930977181135	0.022644930977181135	0.008456497262490864	0.03513334929496199	0.0359958467029378	1	0.02396102570092965
244	2016-01-11 04:00:00	0.022605637802290815	0.022605637802290815	0.010231738724143197	0.03480974345616355	0.042564978966350524	1	0.1821975647237563
433	2016-01-19 01:00:00	0.022274724624376383	0.022274724624376383	0.009308847476351266	0.03489597982606907	0.03541625629771936	1	0.014690329414738242
436	2016-01-19 04:00:00	0.022270656892420103	0.022270656892420103	0.00957737842802684	0.03447604849374571	0.03792877197265596	1	0.09103177612498042
483	2016-01-21 03:00:00	0.02220692909177169	0.02220692909177169	0.009817495158784582	0.03427468088789318	0.034924966317635996	1	0.01861950055523589
539	2016-01-23 11:00:00	0.022130998095254435	0.022130998095254435	0.009702820703565002	0.03555261028483577	0.009260177612305333	-1	0.04780071287957434
543	2016-01-23 15:00:00	0.02212557445264606	0.02212557445264606	0.01016638149858317	0.034718408646001515	0.008599599202478695	-1	0.1821924788835363
545	2016-01-23 17:00:00	0.02212286263134187	0.02212286263134187	0.00909090814923491	0.03486736824725229	0.008342742919921875	-1	0.08967856692868609
546	2016-01-23 20:00:00	0.02211879489938559	0.02211879489938559	0.010423074225931146	0.035177728963584565	0.0	-1	inf
548	2016-01-24 07:00:00	0.02210387988221256	0.02210387988221256	0.010151492927848341	0.03444192674927611	0.04105854034423473	1	0.16115072624318694
568	2016-01-25 03:00:00	0.022086566221976113	0.022086566221976113	0.011050243922112943	0.034522135803205456	0.03508322579519954	1	0.015993112927228575
588	2016-01-25 23:00:00	0.022077274468580474	0.022077274468580474	0.0093759520270053	0.033819639448753505	0.034801219059870304	1	0.028205322618961654
589	2016-01-26 00:00:00	0.02207680988091069	0.02207680988091069	0.008232885874929832	0.03408360355124944	0.035300932734845636	1	0.03448433481177024
592	2016-01-26 03:00:00	0.022075416117901345	0.022075416117901345	0.009828963422404014	0.03506276900124987	0.038446638319229405	1	0.08801469948770699
593	2016-01-26 04:00:00	0.022074951530231562	0.022074951530231562	0.00981472320860385	0.03429861444175083	0.035889018665660515	1	0.04431450853325849
690	2016-01-30 05:00:00	0.02202988652626271	0.02202988652626271	0.009797626964715974	0.03305511436376806	0.03681905218895461	1	0.10222799342769867
735	2016-02-01 02:00:00	0.022031570450504235	0.022031570450504235	0.009502620547380256	0.03460798786574766	0.03933364868164176	1	0.12014295582244611
737	2016-02-01 04:00:00	0.022031830241974235	0.022031830241974235	0.00904203923593746	0.033834461767151734	0.04113505436823946	1	0.17747861801112727
757	2016-02-02 00:00:00	0.022034428156674234	0.022034428156674234	0.009971839418344683	0.034493610060974476	0.03764678210746951	1	0.08375674811976588
786	2016-02-03 05:00:00	0.022038195132989234	0.022038195132989234	0.008809250704700223	0.033659518587378236	0.041965933407054436	1	0.19793232618245302
834	2016-02-05 05:00:00	0.022044430128269232	0.022044430128269232	0.010108816178721045	0.034656583197121005	0.03827222188313876	1	0.09447161696171767
905	2016-02-08 04:00:00	0.02207994930639619	0.02207994930639619	0.009270533392885598	0.033784624420980694	0.03573117937360423	1	0.054477769464881455
952	2016-02-10 03:00:00	0.022103966569771216	0.022103966569771216	0.008822087023686405	0.03545461341458738	0.03678485325404728	1	0.036162706162584476
1001	2016-02-12 04:00:00	0.022129005981716025	0.022129005981716025	0.009503408745500347	0.034276529880336415	0.04265496897142987	1	0.19642351859886006
1026	2016-02-13 05:00:00	0.02214178125388829	0.02214178125388829	0.009155552220247968	0.034427171329067315	0.0347914695739755	1	0.010470907074896405
1027	2016-02-13 06:00:00	0.022142292264775182	0.022142292264775182	0.009457563634738925	0.0348980868629837	0.03749099731445369	1	0.06916088227053806
1072	2016-02-15 03:00:00	0.02216528775468526	0.02216528775468526	0.01086877839332494	0.033347565493042776	0.03519498384915829	1	0.05249095621220743
1098	2016-02-16 05:00:00	0.022178574037744418	0.022178574037744418	0.009062182434251937	0.03529069454582664	0.03862946608971003	1	0.08643069350556629
1168	2016-02-19 03:00:00	0.022214344852870226	0.022214344852870226	0.010078083757095496	0.03462983208383882	0.03473091125488356	1	0.0029103518275965736
1169	2016-02-19 04:00:00	0.022214855864757937	0.022214855864757937	0.009401083549388772	0.034277848294239674	0.03994406423261066	1	0.14185376594064864
1194	2016-02-20 05:00:00	0.022227631161950704	0.022227631161950704	0.009238158545771653	0.034368071117192804	0.05314174451326144	1	0.3532754441545233
1195	2016-02-20 06:00:00	0.022228142173838412	0.022228142173838412	0.009950177963229955	0.03317255598433797	0.03497177699826718	1	0.05144780072280452
1218	2016-02-21 05:00:00	0.02223989544725576	0.02223989544725576	0.009836296350025754	0.035062489968467746	0.03777062265496374	1	0.07169944512789483
1219	2016-02-21 06:00:00	0.022240406459143467	0.022240406459143467	0.00977500169683564	0.034313784997219605	0.04722283103249241	1	0.2733645093491014
1242	2016-02-22 05:00:00	0.02225215973256081	0.02225215973256081	0.010611484676195028	0.03409354477793484	0.03814216282056787	1	0.10614547637686257
1311	2016-02-25 02:00:00	0.022287419482975523	0.022287419482975523	0.009597915654458333	0.03466446600399188	0.038332439604258486	1	0.09568849877895894
1312	2016-02-25 03:00:00	0.022287930493638017	0.022287930493638017	0.009686334179699828	0.03334170061235111	0.044452122279576234	1	0.24994130982875182
1313	2016-02-25 04:00:00	0.022288441504300514	0.022288441504300514	0.00946559136493554	0.03583336285599257	0.04465312957763636	1	0.19751732532675603
1386	2016-02-28 05:00:00	0.022325745282662606	0.022325745282662606	0.008946177838941935	0.03564434670786132	0.042217254638672624	1	0.155692452933457
1387	2016-02-28 06:00:00	0.022326256293325096	0.022326256293325096	0.00874107374633867	0.034330470915090464	0.038465966118705806	1	0.1075104987836058
1410	2016-02-29 05:00:00	0.022338009184986515	0.022338009184986515	0.010250644166019486	0.03398110902164793	0.03416345474567774	1	0.005337449780393729
1482	2016-03-03 05:00:00	0.022374800455187947	0.022374800455187947	0.009888757093576813	0.035531160070168856	0.037495539738580635	1	0.052389689069885614
1506	2016-03-04 05:00:00	0.022387064211921756	0.022387064211921756	0.008429070035850876	0.03428289317614043	0.03540412415849235	1	0.03166950204254592
1530	2016-03-05 05:00:00	0.022399327968655566	0.022399327968655566	0.01065531902795016	0.034974926356984966	0.037307862312563465	1	0.06253201901607965
1555	2016-03-06 06:00:00	0.022412101109827713	0.022412101109827713	0.00995660553031083	0.03481023434545875	0.037216720581055254	1	0.06466142631657613
1573	2016-03-07 00:00:00	0.02242129761384806	0.02242129761384806	0.00884077115730785	0.03430492082775089	0.03438945097081885	1	0.0024580253735277014
1574	2016-03-07 01:00:00	0.022421808530738076	0.022421808530738076	0.010372140472781307	0.03469818109973707	0.03697077433268229	1	0.06146999282447384
1698	2016-03-12 05:00:00	0.022484867851103894	0.022484867851103894	0.00893254947174267	0.03722319808087278	0.04033807607797312	1	0.0772192999755197
1743	2016-03-14 03:00:00	0.022507849212512396	0.022507849212512396	0.00967992136907462	0.03538444851838135	0.03614460338245739	1	0.02103093665277225
1889	2016-03-20 05:00:00	0.022579823651025947	0.022579823651025947	0.009164990033269382	0.034878829127778545	0.03750211542302831	1	0.0699503552175333
1890	2016-03-20 06:00:00	0.022580310856041515	0.022580310856041515	0.01065463541272378	0.03458027516644072	0.03665503140153458	1	0.05660222228064978
1936	2016-03-22 04:00:00	0.022602722286757478	0.022602722286757478	0.010405190516527751	0.03577326423387857	0.04741287231445396	1	0.24549468345597403
1960	2016-03-23 04:00:00	0.022614172904414996	0.022614172904414996	0.009309804203207019	0.035239105125753484	0.03778959575452303	1	0.0674918738304915
2008	2016-03-25 04:00:00	0.022636395692125156	0.022636395692125156	0.009630070891669671	0.035972741526211785	0.03999814800187695	1	0.1006398215106426
2034	2016-03-26 06:00:00	0.02264843303546816	0.02264843303546816	0.010509231671319764	0.035326383946130316	0.03724207776658003	1	0.0514389619305505
2080	2016-03-28 04:00:00	0.02266972987369039	0.02266972987369039	0.01057977321021483	0.034961051777433444	0.036215515136719605	1	0.03463883792762169
2104	2016-03-29 04:00:00	0.0226807636281345	0.0226807636281345	0.010329346367874744	0.03550449553267005	0.042497971478630936	1	0.1645602296447816
2201	2016-04-02 05:00:00	0.022725134248094202	0.022725134248094202	0.011018999085585419	0.036641781514547736	0.042583627903715546	1	0.13953358794611687
2246	2016-04-04 02:00:00	0.022745718569274348	0.022745718569274348	0.010009280094889966	0.0363659663911565	0.03984928131103445	1	0.08741223945018552
2345	2016-04-08 05:00:00	0.022791004122800506	0.022791004122800506	0.009395261936794155	0.03515033704842285	0.037388763427733805	1	0.05986895992528489
2369	2016-04-09 05:00:00	0.022801982438447693	0.022801982438447693	0.010742154641080469	0.03525671123412844	0.037166476249697045	1	0.05138407533547574
2393	2016-04-10 05:00:00	0.022812960745834363	0.022812960745834363	0.009353713462821366	0.03569441895340074	0.03719054820925641	1	0.04022874971988972
2416	2016-04-11 04:00:00	0.022823481623746585	0.022823481623746585	0.010791669828422957	0.0362449224828789	0.045458112444197445	1	0.2026742745341282
2417	2016-04-11 05:00:00	0.02282393905322103	0.02282393905322103	0.010443298532668843	0.03403503557166985	0.03421743292557453	1	0.005330538801709994
2537	2016-04-16 05:00:00	0.02287883058965932	0.02287883058965932	0.00977839253843058	0.035093163661285405	0.04650662162087083	1	0.24541576149370084
2561	2016-04-17 05:00:00	0.022889808896636287	0.022889808896636287	0.01101301850815733	0.03583828177742729	0.03720601399739802	1	0.03676105212631442
2562	2016-04-17 06:00:00	0.022890266326093662	0.022890266326093662	0.009550310837862862	0.03616919738499067	0.036671836421174824	1	0.013706404839162115
2583	2016-04-18 03:00:00	0.022899872344698508	0.022899872344698508	0.010373144306029227	0.036089203911690126	0.03816032409667969	1	0.054274177015434945
2607	2016-04-19 03:00:00	0.022910850651675474	0.022910850651675474	0.011025581689871982	0.035118166522581436	0.03816566467285085	1	0.07984920939781917
2730	2016-04-24 06:00:00	0.022967114502552472	0.022967114502552472	0.009918916203974852	0.03630093314982245	0.039173444112141534	1	0.07332801665577249
2749	2016-04-25 01:00:00	0.022975805668565233	0.022975805668565233	0.009632156866001695	0.03516645915419708	0.03699203491210895	1	0.049350509163643905
2752	2016-04-25 04:00:00	0.022977177957935666	0.022977177957935666	0.010950920629899616	0.03655171731216115	0.03824365550074035	1	0.04424101635750931
2824	2016-04-28 04:00:00	0.02301011291102283	0.02301011291102283	0.011048959021888086	0.035313242171908676	0.03660498725043376	1	0.035288772802667186
2944	2016-05-03 04:00:00	0.023065004500285223	0.023065004500285223	0.009997280396513026	0.035672256613617614	0.03705060040509207	1	0.03720165871549599
3042	2016-05-07 06:00:00	0.023109832578577256	0.023109832578577256	0.010091944128958936	0.03617979320427632	0.036627266623756455	1	0.012216948211742986
3054	2016-05-07 18:00:00	0.02311532173102118	0.02311532173102118	0.010569948902235166	0.03473220133629234	0.05776576540169053	1	0.3987407403888413
3085	2016-05-09 01:00:00	0.023129501437496543	0.023129501437496543	0.009824748705572085	0.035240999833648486	0.03974797175480733	1	0.11338872707671543
3089	2016-05-09 05:00:00	0.023131331034176895	0.023131331034176895	0.009233569831466034	0.03638616151022925	0.046259065953696644	1	0.2134263682139573
3279	2016-05-17 03:00:00	0.023218165755652383	0.023218165755652383	0.009887768788608052	0.03603837487236334	0.04018082157258088	1	0.10309512195351216
3280	2016-05-17 04:00:00	0.023218622206544585	0.023218622206544585	0.010193256308149842	0.03669563699267018	0.03900776738705873	1	0.059273589576306476
3353	2016-05-20 05:00:00	0.02324926636298734	0.02324926636298734	0.01148101794929545	0.03592547579717412	0.036893081665039205	1	0.02622729856644141
3377	2016-05-21 05:00:00	0.02325308316123182	0.02325308316123182	0.010264752962395861	0.035780738681373804	0.040707772238211974	1	0.12103422235946416
3378	2016-05-21 06:00:00	0.023253242194492006	0.023253242194492006	0.010653843660734278	0.03618282491625326	0.040672071052319105	1	0.11037662995550522
3402	2016-05-22 06:00:00	0.023257058992736484	0.023257058992736484	0.009592444176853437	0.037052844845648525	0.03874770800272609	1	0.04374099125962037
3496	2016-05-26 04:00:00	0.0232712798253025	0.0232712798253025	0.011259504937907448	0.03543727472807382	0.03658933639526385	1	0.031486268423800985
3520	2016-05-27 04:00:00	0.023273752080978014	0.023273752080978014	0.010580124040382761	0.03511301679891584	0.03687658309936559	1	0.04782347365800519
3545	2016-05-28 05:00:00	0.023276327347306676	0.023276327347306676	0.01086979626690523	0.03645284683269456	0.03884523968364016	1	0.06158779995771696
3594	2016-05-30 06:00:00	0.02328137486931085	0.02328137486931085	0.010090793845330919	0.0347856669786527	0.05558636313990618	1	0.3742050205533304
3613	2016-05-31 01:00:00	0.023283332071720633	0.023283332071720633	0.010605539261575953	0.03654802068127775	0.04201380411783617	1	0.13009494263429547
3665	2016-06-02 05:00:00	0.023288688625684246	0.023288688625684246	0.011668477569306513	0.03727044892213463	0.03799748975177127	1	0.019133917382075247
3737	2016-06-05 05:00:00	0.023296105392710785	0.023296105392710785	0.009693899910505255	0.036297286973405424	0.04177685787803454	1	0.13116282992431963
3739	2016-06-05 07:00:00	0.02329631141401708	0.02329631141401708	0.011393967561801997	0.03583184215886659	0.038315595206567674	1	0.06482355381172167
3756	2016-06-06 00:00:00	0.02329806259512057	0.02329806259512057	0.011199488319006485	0.03493499037441999	0.04463218575093273	1	0.21726911226412635
3881	2016-06-11 05:00:00	0.02331093892676387	0.02331093892676387	0.010604237894868796	0.036310143100043386	0.04125237972178206	1	0.11980488531984203
3928	2016-06-13 04:00:00	0.02331578042746175	0.02331578042746175	0.011325050142824259	0.03687392998814205	0.04601723807198559	1	0.19869310864638387
3999	2016-06-16 03:00:00	0.023323094183835144	0.023323094183835144	0.01071012801271019	0.035327395842786526	0.03608904386821434	1	0.02110468839820505
4000	2016-06-16 04:00:00	0.02332319719448829	0.02332319719448829	0.009979899886655437	0.035286766897281975	0.03886893943504051	1	0.09216028504572961
4072	2016-06-19 04:00:00	0.023330613961514833	0.023330613961514833	0.011443639244492525	0.03686860746210097	0.03925007581710849	1	0.060674235792672525
4093	2016-06-20 01:00:00	0.02333277718523091	0.02333277718523091	0.010603988931673938	0.034689853656058985	0.03635176022847553	1	0.045717361744554985
4096	2016-06-20 04:00:00	0.02333308621719035	0.02333308621719035	0.011010913495967264	0.03561381664110334	0.04156480986496449	1	0.143173834866434
4143	2016-06-22 03:00:00	0.02333792771788823	0.02333792771788823	0.011243488759470177	0.03592108297725229	0.03712879527698734	1	0.03252764574571577
4264	2016-06-27 04:00:00	0.023350392006918942	0.023350392006918942	0.008720960115693366	0.03595748808853596	0.040557072080415604	1	0.1134101589670896
4289	2016-06-28 05:00:00	0.023352967273247604	0.023352967273247604	0.010283292933005927	0.03533397142171286	0.04180357191297717	1	0.15476190658377548
