	ds	trend	yhat	yhat_lower	yhat_upper	fact	anomaly	importance
30	2016-01-02 06:00:00	0.02723591471730356	0.02723591471730356	0.005057610489903436	0.048686055592971324	0.06548222133091315	1	0.25649963297767076
53	2016-01-03 05:00:00	0.027192368457650305	0.027192368457650305	0.006182491230391699	0.04761810702251566	0.07344730922153775	1	0.3516698225269757
54	2016-01-03 06:00:00	0.02719047514201321	0.02719047514201321	0.008183837905479486	0.04758586297748732	0.07071431477864626	1	0.3270688809409645
55	2016-01-03 07:00:00	0.02718858182637611	0.02718858182637611	0.006405909527832143	0.04839171311554511	0.051962592385030024	1	0.06872019092168412
74	2016-01-04 02:00:00	0.027152608829271247	0.027152608829271247	0.007215468534986719	0.04753771908175654	0.050841591574930914	1	0.06498365591692956
77	2016-01-04 05:00:00	0.027146928882359953	0.027146928882359953	0.007604026617993964	0.04868619770748473	0.05418540335990172	1	0.10148869089136486
100	2016-01-05 04:00:00	0.0271033826227067	0.0271033826227067	0.0038261248987588167	0.04679844163403313	0.05819920131138596	1	0.19589202979530257
148	2016-01-07 04:00:00	0.027012503483596562	0.027012503483596562	0.007283910081135813	0.045733988335013326	0.0660998026529948	1	0.3081070366411866
149	2016-01-07 05:00:00	0.02701061016923397	0.02701061016923397	0.00687412902385222	0.046294625802136516	0.05201115327722928	1	0.1099096465833509
197	2016-01-09 05:00:00	0.026919731079829614	0.026919731079829614	0.006663304231040914	0.04641197924559276	0.04868547844164213	1	0.04669768622638775
222	2016-01-10 06:00:00	0.026872398220764843	0.026872398220764843	0.005896490910763208	0.04641133139479353	0.05164355323428267	1	0.10131413335858194
244	2016-01-11 04:00:00	0.026830745304787844	0.026830745304787844	0.007680816509026059	0.04839192597218693	0.08325312687799934	1	0.4187374362154427
245	2016-01-11 05:00:00	0.026828851990425256	0.026828851990425256	0.004492036121733046	0.04595331309486208	0.047157533707155884	1	0.025536123661002046
268	2016-01-12 04:00:00	0.026785305760085667	0.026785305760085667	0.006185485234179152	0.04703185041496219	0.05420243112664249	1	0.13229260316620184
366	2016-01-16 06:00:00	0.026601474151813374	0.026601474151813374	0.005445141629064524	0.04594551554415224	0.04846756546585648	1	0.052035828444507395
411	2016-01-18 03:00:00	0.0265171611430459	0.0265171611430459	0.007089989623246259	0.04564879197270099	0.04803415934245028	1	0.049659812983158004
413	2016-01-18 05:00:00	0.026513413898211793	0.026513413898211793	0.0023311674747297484	0.047730098468888364	0.053574335007442846	1	0.10908649706510716
436	2016-01-19 04:00:00	0.026470629564756768	0.026470629564756768	0.006362504684849468	0.04895598758114813	0.07183868408202784	1	0.3185288928003118
437	2016-01-19 05:00:00	0.026468773108014005	0.026468773108014005	0.006649057745455196	0.04734750613031327	0.04972807566324781	1	0.047871740484298035
485	2016-01-21 05:00:00	0.026379663184361347	0.026379663184361347	0.00549986064377165	0.04575571050354507	0.04751422358494207	1	0.03701024553738671
509	2016-01-22 05:00:00	0.02633510822253502	0.02633510822253502	0.0065166712133693004	0.045995205959465275	0.05120722452799568	1	0.10178287568936531
546	2016-01-23 20:00:00	0.026262706409567235	0.026262706409567235	0.006642932268647681	0.04925662746829974	0.0	-1	inf
548	2016-01-24 07:00:00	0.026242285385396837	0.026242285385396837	0.003847518452934752	0.04703629569552308	0.07311058044433949	1	0.3566417417335001
567	2016-01-25 02:00:00	0.026207177351538824	0.026207177351538824	0.007020984557349806	0.04635839467861624	0.04795043945312443	1	0.03320188078911251
568	2016-01-25 03:00:00	0.02620533735922151	0.02620533735922151	0.00659837024333744	0.04570232774244439	0.04629080636160782	1	0.012712645672370303
590	2016-01-26 01:00:00	0.026164857528240607	0.026164857528240607	0.0066261357113894	0.046011789768368366	0.057982063293459875	1	0.20644787103396686
592	2016-01-26 03:00:00	0.026161177543605977	0.026161177543605977	0.005392561988958352	0.04386114386618071	0.05798806084526752	1	0.2436176822119018
690	2016-01-30 05:00:00	0.02598085829650922	0.02598085829650922	0.005266418391678755	0.04751204299639177	0.05690116070686624	1	0.16500749007289556
715	2016-01-31 06:00:00	0.025943446806613566	0.025943446806613566	0.004516302637878809	0.04723583488213922	0.048342598809137466	1	0.022894175204934388
737	2016-02-01 04:00:00	0.02591346380878923	0.02591346380878923	0.006582111806956802	0.048248993215487146	0.06178283691406578	1	0.21905507054334464
786	2016-02-03 05:00:00	0.025846683495453205	0.025846683495453205	0.006617348867012147	0.04669016741294666	0.06534307143267254	1	0.2854610842550499
809	2016-02-04 04:00:00	0.0258153376340914	0.0258153376340914	0.0055274694353711525	0.045687370817817145	0.0490030141977158	1	0.06766202924825812
834	2016-02-05 05:00:00	0.025781266045654658	0.025781266045654658	0.00624064232108692	0.04660891987590304	0.060493151346842154	1	0.22951741084429206
858	2016-02-06 05:00:00	0.0257715754785758	0.0257715754785758	0.0055338674554620895	0.04612845239222981	0.0538445749590483	1	0.14330362107393388
905	2016-02-08 04:00:00	0.025756696047658328	0.025756696047658328	0.006362827729055098	0.044298899792278336	0.06632922944568656	1	0.3321360708923609
1001	2016-02-12 04:00:00	0.025748333004989687	0.025748333004989687	0.0040938049509758965	0.0456137939331386	0.05331970924554605	1	0.1445228307026289
1026	2016-02-13 05:00:00	0.025761600131806315	0.025761600131806315	0.004914046114876698	0.04386186288228996	0.05360110600789447	1	0.18169854786522688
1027	2016-02-13 06:00:00	0.025762130816878982	0.025762130816878982	0.003537762301765786	0.04676353964912334	0.05086166381836108	1	0.08057393057122758
1073	2016-02-15 04:00:00	0.02578654233022158	0.02578654233022158	0.002343616462013464	0.04436364340219416	0.04782452790633214	1	0.07236630774309735
1074	2016-02-15 05:00:00	0.025787073015294246	0.025787073015294246	0.004451763026571883	0.04519642591864887	0.048743919089987375	1	0.0727781687965916
1093	2016-02-16 00:00:00	0.025797156031674883	0.025797156031674883	0.0060959481854453	0.045146327033533475	0.04774605600457424	1	0.05444908309896217
1095	2016-02-16 02:00:00	0.025798217401820214	0.025798217401820214	0.004685409487992879	0.04600526645904093	0.047567002316736884	1	0.0328323371587879
1097	2016-02-16 04:00:00	0.025799278771965542	0.025799278771965542	0.0049548289343833	0.04760441261347514	0.05158233642578321	1	0.0771179455593586
1098	2016-02-16 05:00:00	0.02579980945703821	0.02579980945703821	0.004742011800982011	0.04594358529736351	0.06386382004310541	1	0.28060073346139475
1169	2016-02-19 04:00:00	0.025837488092839006	0.025837488092839006	0.00535317683381981	0.04779956561820433	0.057960018034903776	1	0.1753010568523422
1194	2016-02-20 05:00:00	0.02585075521763784	0.02585075521763784	0.004051293862747563	0.047849131035695006	0.06731555336400344	1	0.2891816431047565
1218	2016-02-21 05:00:00	0.025863491657444726	0.025863491657444726	0.005640462563578609	0.04555321702249654	0.04661841141550202	1	0.022849221169541432
1219	2016-02-21 06:00:00	0.02586402234243668	0.02586402234243668	0.004245344337530363	0.04627526080167051	0.05382763255726369	1	0.14030659341294086
1242	2016-02-22 05:00:00	0.025876228097251607	0.025876228097251607	0.004799423551208251	0.04624169812600772	0.05543750265370121	1	0.16587696211960484
1311	2016-02-25 02:00:00	0.025912845262009414	0.025912845262009414	0.00405781623102928	0.04829188415225336	0.06851741245814902	1	0.2951881511615689
1312	2016-02-25 03:00:00	0.02591337594525247	0.02591337594525247	0.006186813420785109	0.046138452718199816	0.07044892084030878	1	0.34507935440508886
1313	2016-02-25 04:00:00	0.02591390662849553	0.02591390662849553	0.0034990546709495734	0.04640760990446258	0.0588775634765625	1	0.21179466057667043
1409	2016-02-29 04:00:00	0.025964852305150027	0.025964852305150027	0.0026820116928173866	0.04597779949200521	0.05326377020941761	1	0.1367903678009666
1410	2016-02-29 05:00:00	0.02596538299372564	0.02596538299372564	0.00741566241333125	0.04596371846214518	0.05338628241356504	1	0.1390350407604678
1433	2016-03-01 04:00:00	0.02597758883096469	0.02597758883096469	0.004897915028079194	0.046950503745565114	0.0539417266845715	1	0.12960695492541632
1434	2016-03-01 05:00:00	0.0259781195195403	0.0259781195195403	0.005486428173321103	0.04763363269463432	0.05755887712751167	1	0.17243638041947382
1482	2016-03-03 05:00:00	0.026003592571169628	0.026003592571169628	0.0062494100143907294	0.045251529094610554	0.04698807153946132	1	0.03695709119265285
1506	2016-03-04 05:00:00	0.02601632909698429	0.02601632909698429	0.006088908687907159	0.0465140754905285	0.055592476053439616	1	0.16330268423705901
1530	2016-03-05 05:00:00	0.026029065622798952	0.026029065622798952	0.0033802661246416774	0.04737336495585463	0.05053317162298066	1	0.06252935578041302
1531	2016-03-05 06:00:00	0.026029596311374564	0.026029596311374564	0.007554443673788424	0.044265646404486055	0.04487609863281182	1	0.01360305924364433
1577	2016-03-07 04:00:00	0.02605400794262932	0.02605400794262932	0.008346639692103728	0.04751351169947376	0.06165153101870963	1	0.22932146348393764
1625	2016-03-09 04:00:00	0.026079480947105903	0.026079480947105903	0.006167296440565007	0.04694751940778153	0.048645282613822005	1	0.0349008807188649
1674	2016-03-11 05:00:00	0.026105484638641898	0.026105484638641898	0.005604023668628676	0.047591432827268534	0.05202331542968551	1	0.08519031449287559
1698	2016-03-12 05:00:00	0.02611822113447399	0.02611822113447399	0.007083745530294873	0.04484197521789603	0.06696935800405622	1	0.3304105555979792
1723	2016-03-13 07:00:00	0.02613201900495876	0.02613201900495876	0.005454023423865223	0.04661379990832441	0.04728408813476705	1	0.014175767216493787
1745	2016-03-14 05:00:00	0.026143694126138182	0.026143694126138182	0.004360111970963616	0.0473977028850165	0.054556655883791196	1	0.13122052447686086
1792	2016-03-16 04:00:00	0.02616863643047603	0.02616863643047603	0.003958472064371333	0.045948264537402424	0.05495788574218523	1	0.16393682331682372
1840	2016-03-18 04:00:00	0.026194109195834866	0.026194109195834866	0.0041139061886177695	0.046826862820933	0.04776833274147624	1	0.019709080608664005
1865	2016-03-19 05:00:00	0.026207376183902484	0.026207376183902484	0.003869458579690197	0.04579746786102396	0.049162084406071796	1	0.0684392573198602
1889	2016-03-20 05:00:00	0.026220112492447392	0.026220112492447392	0.006501731917129355	0.050048588888254315	0.05845590071244673	1	0.14382315081499186
1912	2016-03-21 04:00:00	0.026232318121469596	0.026232318121469596	0.00580915607031565	0.045223769308054336	0.04737091064453182	1	0.04532615707115047
1936	2016-03-22 04:00:00	0.026245054430014507	0.026245054430014507	0.006028401398637995	0.04599772504458254	0.06271721335018382	1	0.2665853186468508
1960	2016-03-23 04:00:00	0.026257790745004294	0.026257790745004294	0.007506574137741638	0.04462406959688849	0.0646563078227811	1	0.3098265103661614
2008	2016-03-25 04:00:00	0.026283263393029527	0.026283263393029527	0.0065792331774352465	0.04690502299864595	0.05490351658241449	1	0.14568271909800487
2009	2016-03-25 05:00:00	0.02628379407319672	0.02628379407319672	0.0077820899121770195	0.04630545809620137	0.051548004150388384	1	0.10170221215339754
2058	2016-03-27 06:00:00	0.02630979740138914	0.02630979740138914	0.006431046409912525	0.04680034858141478	0.04837820870535795	1	0.03261510019010726
2080	2016-03-28 04:00:00	0.02632147236506737	0.02632147236506737	0.006862737649470834	0.04561696197746095	0.056445617675782954	1	0.19184227481609892
2104	2016-03-29 04:00:00	0.026334208834745177	0.026334208834745177	0.007155791196531341	0.04728275303671635	0.060909495634186996	1	0.22372115309098525
2177	2016-04-01 05:00:00	0.026372949246490116	0.026372949246490116	0.0063233004303574975	0.04776051969551505	0.05362808227538835	1	0.10941212758163674
2201	2016-04-02 05:00:00	0.02638568582021448	0.02638568582021448	0.0074478496839893065	0.04683917105830862	0.049938283068067274	1	0.062058841821503494
2226	2016-04-03 06:00:00	0.026398953084510696	0.026398953084510696	0.007373579105147157	0.046762437704274934	0.047064174305307654	1	0.006411173795918315
2249	2016-04-04 05:00:00	0.02641115897765546	0.02641115897765546	0.0055447181024112675	0.04723758235991069	0.06402392720066795	1	0.26218861564278
2297	2016-04-06 05:00:00	0.026436632149085596	0.026436632149085596	0.004665567384949224	0.0452026772114275	0.048197676495808965	1	0.062139910097987784
2321	2016-04-07 05:00:00	0.026449368734800666	0.026449368734800666	0.006277053585837792	0.046357078744723716	0.05011310577392649	1	0.07495099278314954
2345	2016-04-08 05:00:00	0.02646210532051573	0.02646210532051573	0.00569352589681002	0.04652904914566982	0.05909088134765568	1	0.21258495245788422
2369	2016-04-09 05:00:00	0.026474997038959384	0.026474997038959384	0.005964574962810979	0.046890614503977954	0.05633807182311967	1	0.16769223747669565
2416	2016-04-11 04:00:00	0.026507230757561506	0.026507230757561506	0.007487703850104466	0.0472759688383205	0.06646546863373715	1	0.28871382674154905
2417	2016-04-11 05:00:00	0.02650791658136155	0.02650791658136155	0.0054480477509987815	0.04602686071241449	0.047333968313116405	1	0.02761457885921028
2513	2016-04-15 05:00:00	0.026573755717716085	0.026573755717716085	0.0040294317669873295	0.047144578049175975	0.06350199381510653	1	0.257589010725507
2537	2016-04-16 05:00:00	0.026590215736358152	0.026590215736358152	0.005843792902207378	0.0470880477938373	0.051902597600762206	1	0.09276124952278304
2561	2016-04-17 05:00:00	0.02660667575500022	0.02660667575500022	0.005167534783686983	0.04771978278392502	0.06582622039012165	1	0.2750642145164666
2562	2016-04-17 06:00:00	0.026607361589110305	0.026607361589110305	0.005801326545471549	0.05015226883165324	0.06278084808925413	1	0.20115337148117407
2583	2016-04-18 03:00:00	0.02662176410542211	0.02662176410542211	0.003384472919487541	0.04738815288175161	0.04787236993963262	1	0.010114750084267994
2585	2016-04-18 05:00:00	0.026623135773642285	0.026623135773642285	0.005455554452921295	0.0463975146208288	0.04703521728515684	1	0.013557982744331537
2656	2016-04-21 04:00:00	0.026671831266483773	0.026671831266483773	0.006836834910723777	0.0455155580899205	0.05281859177809277	1	0.13826634604070043
2680	2016-04-22 04:00:00	0.026688294674526835	0.026688294674526835	0.007284330192240119	0.049366368846102834	0.05592269897460985	1	0.11723915777891436
2730	2016-04-24 06:00:00	0.02672259344128322	0.02672259344128322	0.0074539024238124705	0.044984972665058964	0.060480965508356216	1	0.25621272268142414
2752	2016-04-25 04:00:00	0.02673768489865603	0.02673768489865603	0.00540177771621251	0.049629265260471886	0.055974763015222376	1	0.11336354837312713
2833	2016-04-28 13:00:00	0.026793256905688453	0.026793256905688453	0.007962468411284038	0.04891555602195742	0.05214449824119086	1	0.06192297036397182
2873	2016-04-30 05:00:00	0.026820702731763412	0.026820702731763412	0.006176800596643459	0.04579711124345531	0.04995796897194645	1	0.08328716747527587
2956	2016-05-03 16:00:00	0.02687797729406628	0.02687797729406628	0.007174001257547667	0.04776217775292747	0.052379171646649285	1	0.08814560728199608
3084	2016-05-09 00:00:00	0.026967188381333513	0.026967188381333513	0.002510794079493	0.04598412538784846	0.048641267370005355	1	0.054627318033152635
3088	2016-05-09 04:00:00	0.026969976232266005	0.026969976232266005	0.0055659007149002244	0.04690358580228668	0.05132293701172027	1	0.08610869655461013
3089	2016-05-09 05:00:00	0.02697067319499913	0.02697067319499913	0.007577437829760416	0.04781051010478317	0.05860826445789253	1	0.18423603655534065
3257	2016-05-16 05:00:00	0.027087762884769728	0.027087762884769728	0.007339470308781835	0.047260658081730515	0.05514834789519433	1	0.14302676534306757
3280	2016-05-17 04:00:00	0.027103793006196385	0.027103793006196385	0.007547010833466371	0.04613331854163117	0.0574781998344102	1	0.19737711559274068
3281	2016-05-17 05:00:00	0.02710448996799754	0.02710448996799754	0.006827078112539754	0.04735286964962186	0.04887958601409425	1	0.03123423271285817
3304	2016-05-18 04:00:00	0.027120520089424196	0.027120520089424196	0.008553913875693719	0.04717157151792932	0.054383376549030665	1	0.132610468285274
3329	2016-05-19 05:00:00	0.027137944134453165	0.027137944134453165	0.00753808181019082	0.04770653493413743	0.04983997344970916	1	0.042805771510381535
3353	2016-05-20 05:00:00	0.027154670846359714	0.027154670846359714	0.006772053089500948	0.046075067556616466	0.06276336669921789	1	0.2658923512273822
3377	2016-05-21 05:00:00	0.027171396939397487	0.027171396939397487	0.007505435319385354	0.04527869517247279	0.05431325812088716	1	0.1663417600230461
3378	2016-05-21 06:00:00	0.02717209385994073	0.02717209385994073	0.006377720022894991	0.04774672355854144	0.05335836699514657	1	0.10516895011265164
3401	2016-05-22 05:00:00	0.027188123032435268	0.027188123032435268	0.007873316066924943	0.04677146109178604	0.059221134629360135	1	0.21022348888604217
3423	2016-05-23 03:00:00	0.02720345528438656	0.02720345528438656	0.005986474808210831	0.04618665530924368	0.06037475585937898	1	0.23500054531369563
3425	2016-05-23 05:00:00	0.027204849125473045	0.027204849125473045	0.006611252561848157	0.04626259507162416	0.05059249312789299	1	0.08558380480130244
3448	2016-05-24 04:00:00	0.027220878297967578	0.027220878297967578	0.006601628708843298	0.049136985616662014	0.07073593139648279	1	0.30534617065768566
3496	2016-05-26 04:00:00	0.02725433028909262	0.02725433028909262	0.007212743530479298	0.046403542728136654	0.04713363647461009	1	0.015489866708390284
3521	2016-05-27 05:00:00	0.027271752927768806	0.027271752927768806	0.0069513678365952895	0.04761213161097682	0.05820127633901743	1	0.18194007750551297
3594	2016-05-30 06:00:00	0.027322627032703273	0.027322627032703273	0.006726584608806787	0.048192875708782584	0.08770631489000523	1	0.45051988822900013
3613	2016-05-31 01:00:00	0.027335868238097177	0.027335868238097177	0.005437980183805534	0.04709844421467503	0.04869549091045673	1	0.03279660325672486
3617	2016-05-31 05:00:00	0.027338655860285364	0.027338655860285364	0.006727584528895254	0.04662700064103781	0.05552527245054793	1	0.16025624759311408
3639	2016-06-01 03:00:00	0.027353987782320406	0.027353987782320406	0.006519096577177787	0.0452620244153347	0.05583336239769751	1	0.18933729813841116
3665	2016-06-02 05:00:00	0.027372107326543643	0.027372107326543643	0.009354547322305054	0.04661065560946985	0.050390376601109274	1	0.07500878633155955
3756	2016-06-06 00:00:00	0.02743552573132496	0.02743552573132496	0.008464053961602788	0.04623444494730883	0.05032052566755936	1	0.0812010738370475
3757	2016-06-06 01:00:00	0.02743622263687201	0.02743622263687201	0.005663431560041565	0.0470900308046426	0.06146713783001077	1	0.2338990805969931
3760	2016-06-06 04:00:00	0.02743831335351315	0.02743831335351315	0.007667728498085149	0.04754224155834052	0.06795798407660314	1	0.30041712972606316
3784	2016-06-07 04:00:00	0.027455039086642295	0.027455039086642295	0.005542997655506084	0.04795397013100032	0.0483911302354577	1	0.00903388911005551
3785	2016-06-07 05:00:00	0.02745573599218934	0.02745573599218934	0.007376749011117906	0.04643759738189035	0.05186089409722538	1	0.10457391469510322
3808	2016-06-08 04:00:00	0.02747176481977143	0.02747176481977143	0.0074925201958536795	0.04717305015513032	0.052891071026139644	1	0.10810937952425625
3809	2016-06-08 05:00:00	0.02747246172531848	0.02747246172531848	0.007266012418075734	0.04701481817804226	0.05060371192725852	1	0.07092155125646118
3832	2016-06-09 04:00:00	0.027488490552900566	0.027488490552900566	0.004888407026451133	0.045823112531208264	0.048627679998220555	1	0.05767430128508946
3856	2016-06-10 04:00:00	0.02750521628602971	0.02750521628602971	0.005753695387357609	0.04629662288198275	0.04744454317314779	1	0.024194990917622092
3881	2016-06-11 05:00:00	0.027522638924705894	0.027522638924705894	0.007607034336686565	0.0466631701668406	0.054311549409907824	1	0.1408241769230756
3906	2016-06-12 06:00:00	0.027540061563382085	0.027540061563382085	0.008226475886166295	0.04702974203364422	0.05649176309274973	1	0.16749381752469836
3928	2016-06-13 04:00:00	0.027555393485417128	0.027555393485417128	0.008166040238899526	0.04791066457292672	0.0553373609270348	1	0.13420763530629093
4001	2016-06-16 05:00:00	0.02760626759035159	0.02760626759035159	0.006614740655212438	0.04801260909976001	0.05942457150190523	1	0.19204113910656193
4049	2016-06-18 05:00:00	0.02763971905660987	0.02763971905660987	0.0042363985699474796	0.048967838551305876	0.04973260979903409	1	0.015377661675480193
4094	2016-06-20 02:00:00	0.02767107980622701	0.02767107980622701	0.007014904942914928	0.04810725982381882	0.05540893554687273	1	0.13177794611984772
4096	2016-06-20 04:00:00	0.027672473617321103	0.027672473617321103	0.006076935061040167	0.04778307183925303	0.07262657428609767	1	0.3420717924678465
4097	2016-06-20 05:00:00	0.027673170522868152	0.027673170522868152	0.006720627396871774	0.04987948173252881	0.05590789172114187	1	0.10782753208941667
4145	2016-06-22 05:00:00	0.02770662198912643	0.02770662198912643	0.0061554101901213545	0.04746056538617248	0.05132348196847132	1	0.07526606602162889
4243	2016-06-26 07:00:00	0.027774918732737082	0.027774918732737082	0.007957391834145377	0.04700098896287295	0.052151073109018335	1	0.09875317685945752
4289	2016-06-28 05:00:00	0.027806976387901264	0.027806976387901264	0.0073310040878565115	0.0501378654060324	0.06612043027524647	1	0.24171900882498448
4312	2016-06-29 04:00:00	0.027823005215483355	0.027823005215483355	0.006658912642597325	0.04603725739729728	0.051406860351563596	1	0.10445304221157305
4335	2016-06-30 03:00:00	0.02783903404306545	0.02783903404306545	0.008177200089337667	0.04640186136923361	0.04846927097865361	1	0.0426540273388991
