	ds	trend	yhat	yhat_lower	yhat_upper	fact	anomaly	importance
30	2016-01-02 06:00:00	75.12241857221329	75.12241857221329	27.845722634781595	122.74627582741776	155.16998668500815	1	0.20895607166229802
53	2016-01-03 05:00:00	75.01981950624723	75.01981950624723	20.53532408130744	120.27969347827494	181.48943235526195	1	0.3372633771710199
54	2016-01-03 06:00:00	75.01535867729218	75.01535867729218	24.197692913114338	117.40402964864592	165.66147512915597	1	0.29130155603701297
55	2016-01-03 07:00:00	75.01089784833714	75.01089784833714	24.81615413958961	117.71420269595744	124.90053258370676	1	0.05753642309678012
74	2016-01-04 02:00:00	74.92614209819126	74.92614209819126	24.960129514203672	119.39299222242532	123.25255324207232	1	0.03131424800642215
77	2016-01-04 05:00:00	74.91275961132612	74.91275961132612	28.684149291888563	120.31933770581455	126.87856295891416	1	0.051696875343895735
100	2016-01-05 04:00:00	74.81016054536006	74.81016054536006	25.919645833411266	123.03066706454248	150.62891405979093	1	0.18322011525817378
148	2016-01-07 04:00:00	74.59604075373893	74.59604075373893	28.165503245431047	122.88284806487208	148.93056004739267	1	0.17489836857010202
149	2016-01-07 05:00:00	74.59157992458623	74.59157992458623	25.374217218777524	120.62621212860869	134.28478634121288	1	0.10171348955270511
197	2016-01-09 05:00:00	74.37746012525639	74.37746012525639	29.57085314961971	123.34670630427578	136.49076654420563	1	0.0962999957632507
222	2016-01-10 06:00:00	74.26593939643878	74.26593939643878	26.04153406783738	124.7628095304665	129.27773666913072	1	0.03492424337702925
244	2016-01-11 04:00:00	74.16780115507927	74.16780115507927	26.33411999290868	122.89200853718711	191.66481047128974	1	0.358818093759597
268	2016-01-12 04:00:00	74.06074125541436	74.06074125541436	27.93820914517168	123.32600020685771	128.70081171832848	1	0.041762063810708135
316	2016-01-14 04:00:00	73.84664936025797	73.84664936025797	24.759943604690516	117.65203189742293	126.32343172282755	1	0.06864442888498283
366	2016-01-16 06:00:00	73.62364561096523	73.62364561096523	29.553960115873444	119.98730537022355	122.05743470144336	1	0.01696028870575078
413	2016-01-18 05:00:00	73.41402208663006	73.41402208663006	26.901884558860246	123.46835486495414	131.18585308014855	1	0.058828738267070406
436	2016-01-19 04:00:00	73.31144707817819	73.31144707817819	27.465237428562162	119.84294514863946	168.5129860397152	1	0.28882071367250695
509	2016-01-22 05:00:00	72.98588884222553	72.98588884222553	22.825732294667844	116.9577370116725	121.49522505060436	1	0.03734704830615303
546	2016-01-23 20:00:00	72.81196046959329	72.81196046959329	18.960885808794746	126.02613972470903	0.0	-1	inf
548	2016-01-24 07:00:00	72.76290374910728	72.76290374910728	26.158497502332093	116.92751256022291	179.2468962422398	1	0.3476734325028231
567	2016-01-25 02:00:00	72.68827944650019	72.68827944650019	23.32686431437276	115.23028348679765	119.3666111392713	1	0.03465230027890783
568	2016-01-25 03:00:00	72.68483074791561	72.68483074791561	24.639922881279052	121.0392947262993	124.03114596338762	1	0.024121773719412928
588	2016-01-25 23:00:00	72.615856776224	72.615856776224	24.572812737536466	114.71669700134746	117.48303107204308	1	0.023546669212162617
589	2016-01-26 00:00:00	72.61240807763943	72.61240807763943	23.165179295221876	111.97522960443487	120.71100250412867	1	0.07236931777942122
590	2016-01-26 01:00:00	72.60895937905485	72.60895937905485	22.697506883080834	119.05316623836242	136.19768114053335	1	0.12587963876184236
592	2016-01-26 03:00:00	72.60206198188568	72.60206198188568	25.86299594848697	118.95590202394199	149.02801417187197	1	0.20178831688147056
593	2016-01-26 04:00:00	72.5986132833011	72.5986132833011	30.39544138905727	119.85862212981884	122.9809301470419	1	0.025388554253817083
690	2016-01-30 05:00:00	72.26408952059685	72.26408952059685	27.083689007069477	117.46021117771922	142.88759677245707	1	0.1779537634412732
714	2016-01-31 05:00:00	72.20981361539964	72.20981361539964	27.99548948086236	114.99353030595562	117.51241092950559	1	0.021435017830253048
737	2016-02-01 04:00:00	72.16904271261033	72.16904271261033	28.83389532914677	120.64556489075878	154.51464692254848	1	0.21919657913574245
786	2016-02-03 05:00:00	72.08218296318964	72.08218296318964	22.48425320956787	122.60842186803875	163.8043774653037	1	0.25149483936099876
834	2016-02-05 05:00:00	71.99709586171629	71.99709586171629	27.674200365065392	117.65219355604921	144.5899495577793	1	0.1863044843996266
858	2016-02-06 05:00:00	71.99442486285982	71.99442486285982	19.23710551812092	116.23335584429748	130.79417202730005	1	0.11132618493095672
905	2016-02-08 04:00:00	71.99629267925974	71.99629267925974	25.92571556473568	122.29389180242312	154.67364829382709	1	0.2093424241852335
1001	2016-02-12 04:00:00	72.03818379157983	72.03818379157983	22.46702091373421	120.7323547436513	141.73538466622023	1	0.1481848020664001
1026	2016-02-13 05:00:00	72.07578884745239	72.07578884745239	26.391659897184894	119.3088151287939	129.57928805798892	1	0.0792601432151627
1027	2016-02-13 06:00:00	72.0772930496873	72.0772930496873	20.131458552067404	117.30897852384602	134.02881238010252	1	0.12474805647638994
1073	2016-02-15 04:00:00	72.1464863524928	72.1464863524928	22.85741683160509	121.07335806892887	121.72688687234795	1	0.005368812266631105
1095	2016-02-16 02:00:00	72.17957880166065	72.17957880166065	21.7030561099618	119.76202302203433	124.5580757140868	1	0.038504550303598374
1098	2016-02-16 05:00:00	72.18409140836536	72.18409140836536	27.343741226992346	121.89508495925821	153.48699841196623	1	0.20582794490458306
1118	2016-02-17 01:00:00	72.21417575686709	72.21417575686709	18.742065203800006	115.2722949981799	123.0904506013516	1	0.06351553321136234
1169	2016-02-19 04:00:00	72.29089523550961	72.29089523550961	27.849174336884147	123.40904007581724	145.75268456452847	1	0.1532983392756592
1194	2016-02-20 05:00:00	72.32850282307946	72.32850282307946	18.533196869185073	119.258045424562	180.25750911980714	1	0.3384017897124174
1195	2016-02-20 06:00:00	72.33000712658226	72.33000712658226	27.76299975527526	113.83245521713086	117.54159942524866	1	0.031556012732978506
1218	2016-02-21 05:00:00	72.36460610714653	72.36460610714653	29.441711824207612	120.35246381015043	124.60552517146051	1	0.03413220525701218
1219	2016-02-21 06:00:00	72.36611041064931	72.36611041064931	22.592828743785653	124.60269378503135	151.37465203279305	1	0.17685892511225695
1242	2016-02-22 05:00:00	72.40070939121358	72.40070939121358	21.320087642205664	117.17393576593088	144.72768250121513	1	0.19038338940480795
1311	2016-02-25 02:00:00	72.50450628165348	72.50450628165348	24.609538866724172	120.93250957392016	162.27647781527563	1	0.2547748681630778
1312	2016-02-25 03:00:00	72.5060105842571	72.5060105842571	28.052444258103453	115.36969941107374	171.12429437314628	1	0.32581343967734044
1313	2016-02-25 04:00:00	72.50751488686072	72.50751488686072	26.087985410412543	119.00159818904483	149.09267374490037	1	0.20182799597075968
1386	2016-02-28 05:00:00	72.61732897692501	72.61732897692501	20.840675285821064	115.14286249909442	119.35679047451437	1	0.03530530570290198
1387	2016-02-28 06:00:00	72.61883327952863	72.61883327952863	23.82647183424503	119.48038315309316	121.48646937450388	1	0.016512836628963218
1409	2016-02-29 04:00:00	72.65192797423825	72.65192797423825	25.600866795946633	118.48401430775267	126.85258413467623	1	0.06597082656226269
1410	2016-02-29 05:00:00	72.65343227918125	72.65343227918125	24.83329718774088	120.23044464214806	128.49678106896823	1	0.06433107785309715
1433	2016-03-01 04:00:00	72.6880312928701	72.6880312928701	19.793436727802806	118.49186636442961	127.14963488217688	1	0.06809117875776825
1434	2016-03-01 05:00:00	72.68953559781309	72.68953559781309	26.724269906576115	117.35108061820492	130.35865939176097	1	0.09978300508955805
1482	2016-03-03 05:00:00	72.76174223507678	72.76174223507678	25.71058040332314	117.29842785019113	126.27239114455784	1	0.07106829302134013
1506	2016-03-04 05:00:00	72.79784555370863	72.79784555370863	27.182377249367455	118.26205682967834	136.06223093794546	1	0.13082377075226206
1530	2016-03-05 05:00:00	72.83394887234047	72.83394887234047	26.915898918555012	114.89292001946748	129.350233015376	1	0.11176874334806933
1555	2016-03-06 06:00:00	72.87155637176997	72.87155637176997	26.61381831596116	118.04865795289152	119.34210951727101	1	0.010838182512538116
1577	2016-03-07 04:00:00	72.9046509563705	72.9046509563705	28.700271000468096	119.7487337239087	140.65767290361018	1	0.14865125199412296
1674	2016-03-11 05:00:00	73.05056797836409	73.05056797836409	24.872138041668723	117.42952423085848	124.66111030851056	1	0.05800996044199668
1698	2016-03-12 05:00:00	73.08667104025963	73.08667104025963	24.73567275717609	117.82944933976188	157.68416687787555	1	0.25275028132013194
1740	2016-03-14 00:00:00	73.15135569282252	73.15135569282252	27.05942140104141	115.94964795901923	116.50692527692779	1	0.004783211955718109
1745	2016-03-14 05:00:00	73.15887716405075	73.15887716405075	25.243850851488137	120.51773250101674	125.71048985850425	1	0.0413072716790167
1792	2016-03-16 04:00:00	73.22957899359622	73.22957899359622	24.35040002655305	124.8010881898982	133.36372559840848	1	0.06420514551531446
1840	2016-03-18 04:00:00	73.30178494566898	73.30178494566898	28.073514426659674	113.77756587346623	125.65259075136841	1	0.09450680488872334
1865	2016-03-19 05:00:00	73.3393921537771	73.3393921537771	26.95844556378115	123.63129723570441	125.62807154475999	1	0.015894332249971308
1889	2016-03-20 05:00:00	73.37549507356091	73.37549507356091	25.585547718976443	119.86382757797227	145.8834508216987	1	0.17835897832940664
1936	2016-03-22 04:00:00	73.4461966248042	73.4461966248042	25.93325609385807	119.93003042677645	160.4428104783035	1	0.25250604829691353
1960	2016-03-23 04:00:00	73.48229948765712	73.48229948765712	24.9735614367374	116.18062780480291	158.55942162940104	1	0.26727389258299367
2008	2016-03-25 04:00:00	73.55450505395636	73.55450505395636	29.37025239872878	121.96447456795246	140.1926020889189	1	0.13002203575196516
2009	2016-03-25 05:00:00	73.55600933658759	73.55600933658759	26.366807521946573	119.86238376344683	127.16778359396221	1	0.0574469383994378
2034	2016-03-26 06:00:00	73.59361640236845	73.59361640236845	26.801484839888555	116.1420465086665	121.14337046676084	1	0.041284338869097284
2058	2016-03-27 06:00:00	73.62971918551807	73.62971918551807	28.339723512900918	118.59750122173219	125.4879078399145	1	0.05490892897005212
2080	2016-03-28 04:00:00	73.66281340340524	73.66281340340524	30.068750943101453	118.5703120486447	139.6696252844367	1	0.15106586842216646
2104	2016-03-29 04:00:00	73.69891615521034	73.69891615521034	27.804982701342084	120.74265670197605	157.19964785112842	1	0.23191522148750587
2177	2016-04-01 05:00:00	73.80872862385121	73.80872862385121	30.92461096205431	122.69306240685205	127.34889607679997	1	0.03655967042808241
2201	2016-04-02 05:00:00	73.8448313532674	73.8448313532674	28.818591179314026	118.37850148669371	136.05680897301968	1	0.12993328022143763
2249	2016-04-04 05:00:00	73.91703688740179	73.91703688740179	23.098616084451596	120.53812284755722	145.77359172663773	1	0.1731141325405728
2345	2016-04-08 05:00:00	74.06144816651634	74.06144816651634	23.93610250965513	117.65364694620938	147.1479887207459	1	0.20043999262885076
2369	2016-04-09 05:00:00	74.09755100951651	74.09755100951651	24.322707215865126	120.75087142201748	136.30692025215706	1	0.1141251581457648
2416	2016-04-11 04:00:00	74.16825345632844	74.16825345632844	30.712366140321443	123.10317847524848	167.11865310332516	1	0.2633785864757002
2513	2016-04-15 05:00:00	74.31417135144639	74.31417135144639	28.647795270697507	129.09775094567948	148.75201515584348	1	0.1321277173258645
2537	2016-04-16 05:00:00	74.35027510945618	74.35027510945618	25.628126441104385	116.43277750912867	145.89497225525176	1	0.20194112443146608
2561	2016-04-17 05:00:00	74.38637886746596	74.38637886746596	31.71707616584443	123.30559063637986	158.3973886032495	1	0.22154278095308033
2562	2016-04-17 06:00:00	74.38788319071637	74.38788319071637	31.73639759551451	121.32660910449812	151.74717025286304	1	0.2004687210817427
2583	2016-04-18 03:00:00	74.41947397897493	74.41947397897493	26.64371844219267	125.61943462996301	131.32542518427516	1	0.043449244853428305
2607	2016-04-19 03:00:00	74.45557773698472	74.45557773698472	24.560527628884433	122.02326232265752	122.331104425849	1	0.0025164663119516626
2656	2016-04-21 04:00:00	74.52929105189516	74.52929105189516	26.520553726053876	123.17529342479816	128.87758973720844	1	0.04424583299577308
2680	2016-04-22 04:00:00	74.56539874494615	74.56539874494615	31.18229649305135	122.09289138060808	139.5383820251828	1	0.12502288181488522
2730	2016-04-24 06:00:00	74.64062310546906	74.64062310546906	27.290319046780713	122.6229169977932	146.40408520541644	1	0.16243514089279948
2752	2016-04-25 04:00:00	74.67372182409915	74.67372182409915	25.94900798267124	124.48916834596294	141.47201894688254	1	0.12004388378238973
2833	2016-04-28 13:00:00	74.79558550133416	74.79558550133416	29.77852321524653	118.51926455422551	120.7244089855578	1	0.01826593685454353
2873	2016-04-30 05:00:00	74.85576517118899	74.85576517118899	29.274518003856862	124.82715175329214	125.99755253865538	1	0.009289075555687235
2917	2016-05-02 01:00:00	74.92196280802929	74.92196280802929	27.555194896022666	118.89877742005307	122.03226297523206	1	0.025677517394026957
2956	2016-05-03 16:00:00	74.98063775357595	74.98063775357595	27.52669157541449	124.3628742078408	129.38202673058285	1	0.03879327484329505
3054	2016-05-07 18:00:00	75.1280771850184	75.1280771850184	26.271634845929654	121.77029221777681	130.26563359299027	1	0.06521552262783911
3088	2016-05-09 04:00:00	75.17922980826773	75.17922980826773	30.451137737763652	118.05653979322139	122.0046274392462	1	0.032360146732883704
3089	2016-05-09 05:00:00	75.18073429954217	75.18073429954217	31.38617316965681	123.07054275111133	152.3088069651109	1	0.191966996502685
3257	2016-05-16 05:00:00	75.43348831696366	75.43348831696366	30.825774463925285	122.29524115375621	123.3926380362897	1	0.00889353611364354
3280	2016-05-17 04:00:00	75.46809139205467	75.46809139205467	28.68689643014391	117.6044249109624	145.97606691641226	1	0.19435817531442212
3304	2016-05-18 04:00:00	75.50419894867139	75.50419894867139	29.528400878531222	123.8425971246329	137.052770747424	1	0.09638749768245307
3329	2016-05-19 05:00:00	75.54181098681379	75.54181098681379	26.370545160198485	121.23685231555339	125.26887531495431	1	0.03218694978512024
3353	2016-05-20 05:00:00	75.57761785097756	75.57761785097756	26.22582888012639	122.59817047218048	154.20072836278644	1	0.2049442841557463
3377	2016-05-21 05:00:00	75.61292356105311	75.61292356105311	31.036403366720233	123.58793627747472	143.97444298223073	1	0.14159809395666215
3378	2016-05-21 06:00:00	75.61439463230624	75.61439463230624	28.442028168815046	127.27998764819256	139.23871906295798	1	0.08588653713022296
3401	2016-05-22 05:00:00	75.64822927112863	75.64822927112863	27.542023442995713	127.91481964791367	140.94370219658788	1	0.09244033146299474
3402	2016-05-22 06:00:00	75.64970034238179	75.64970034238179	29.796009891464717	126.79879595321334	129.7575432596798	1	0.02280212180455061
3423	2016-05-23 03:00:00	75.68059283869786	75.68059283869786	32.09540131059038	130.35196907997243	146.20415157927562	1	0.10842498197260647
3448	2016-05-24 04:00:00	75.71736962002655	75.71736962002655	28.57910614554626	119.64004216373307	163.28699894143537	1	0.2673020942307645
3496	2016-05-26 04:00:00	75.7877410005781	75.7877410005781	32.062922003164	122.71606636467958	126.21886659939764	1	0.02775179598019606
3520	2016-05-27 04:00:00	75.82260356062372	75.82260356062372	27.739896510937697	119.55357232732221	127.52193600798368	1	0.06248621947021411
3521	2016-05-27 05:00:00	75.82405616729228	75.82405616729228	29.218371408878067	125.66357982934808	139.02724578465723	1	0.09612264042120536
3594	2016-05-30 06:00:00	75.93009645409776	75.93009645409776	26.946805409062158	122.18181649783232	215.22137633265936	1	0.4322970209567817
3613	2016-05-31 01:00:00	75.95769598080057	75.95769598080057	29.624779624796467	123.83139389764708	135.5274798476113	1	0.08630047546900033
3617	2016-05-31 05:00:00	75.96350640747484	75.96350640747484	30.337813674155193	119.84040613226219	133.80571097950076	1	0.1043700208683774
3639	2016-06-01 03:00:00	75.99546375418333	75.99546375418333	30.828778705960637	125.00229122295498	138.56797257135355	1	0.09789911114859619
3737	2016-06-05 05:00:00	76.13781920770302	76.13781920770302	24.4244129344446	128.29732324227618	132.14287210751442	1	0.029101447576449054
3756	2016-06-06 00:00:00	76.1654187344058	76.1654187344058	25.598442553186107	120.28237677996127	140.66694975884926	1	0.1449137342768436
3757	2016-06-06 01:00:00	76.16687134107437	76.16687134107437	31.875444749115236	122.17757693744365	144.3416058690678	1	0.153552600431293
3760	2016-06-06 04:00:00	76.17122916108008	76.17122916108008	27.468813682806818	120.54931740824743	155.40174194583662	1	0.22427306220117257
3808	2016-06-08 04:00:00	76.24095428117134	76.24095428117134	29.909576439332277	119.6971461354052	137.19885051408605	1	0.12756451175138644
3809	2016-06-08 05:00:00	76.24240688783992	76.24240688783992	31.409548465700144	124.83471835240462	126.08469276859712	1	0.009913768188233406
3881	2016-06-11 05:00:00	76.34699456797682	76.34699456797682	26.99055472818133	126.36725174368463	140.9390943778517	1	0.10339106192282298
3906	2016-06-12 06:00:00	76.38330973469103	76.38330973469103	29.650129793190967	125.28227747189538	133.74479370153384	1	0.06327361234354652
3928	2016-06-13 04:00:00	76.41526708139952	76.41526708139952	27.901764822970062	122.77747250517751	155.24427275178945	1	0.20913364255647043
4001	2016-06-16 05:00:00	76.521307368205	76.521307368205	27.73844055401531	125.24153411241039	141.38626397054955	1	0.11418881442048762
4072	2016-06-19 04:00:00	76.62444244167334	76.62444244167334	31.03623769120527	120.29843630118638	127.89611702757296	1	0.05940509300019325
4094	2016-06-20 02:00:00	76.65639978838183	76.65639978838183	32.40636144041526	125.08011729952844	131.25031770523185	1	0.04701093691491657
4096	2016-06-20 04:00:00	76.65930500171898	76.65930500171898	29.709543295635978	122.88944878752584	169.64501399291464	1	0.2756082486888862
4097	2016-06-20 05:00:00	76.66075760838754	76.66075760838754	30.695532073098086	127.28328833883592	130.34788063326383	1	0.023510871673089937
4145	2016-06-22 05:00:00	76.7304827284788	76.7304827284788	30.42394575638422	124.45221224885746	132.55228176896784	1	0.061108488001952364
4243	2016-06-26 07:00:00	76.87283818199849	76.87283818199849	29.371948205305927	126.18083001532156	129.378284450989	1	0.024713996241608152
4289	2016-06-28 05:00:00	76.93965808875262	76.93965808875262	27.214114263476873	124.2110667754638	160.57407247637886	1	0.22645627117830128
4312	2016-06-29 04:00:00	76.97306804212968	76.97306804212968	31.179344456063827	119.53904529352796	122.02561414909366	1	0.020377433647066484
4337	2016-06-30 05:00:00	77.00938320884389	77.00938320884389	33.66911170337294	120.71977282119444	125.57990569125568	1	0.0387015171201841
