	ds	trend	yhat	yhat_lower	yhat_upper	fact	anomaly	importance
54	2016-01-03 06:00:00	983.9577660403364	983.9577660403364	-410.2140927682147	2390.9276552151687	2653.3636363636365	1	0.09890690350612073
96	2016-01-05 00:00:00	971.4848829722068	971.4848829722068	-380.301294229781	2259.9150632455458	29515.597014925374	1	0.9234331915392815
293	2016-01-13 05:00:00	916.0088455311119	916.0088455311119	-494.26562522579434	2350.412383288538	2924.9736842105262	1	0.19643298126870737
538	2016-01-23 10:00:00	901.386980708498	901.386980708498	-544.3844228228028	2315.2871114213444	3522.935483870968	1	0.3427960511847554
541	2016-01-23 13:00:00	901.2736347835195	901.2736347835195	-512.451475265299	2134.9692459536805	2834.785714285714	1	0.2468675021203032
568	2016-01-25 03:00:00	899.5737915703374	899.5737915703374	-512.8686462936025	2317.3322730727214	4211.0	1	0.44969549440210843
738	2016-02-01 05:00:00	889.0652116359759	889.0652116359759	-475.1843287463233	2270.2071536324	3039.4	1	0.25307391141922747
758	2016-02-02 01:00:00	887.8275520493853	887.8275520493853	-479.3787466952223	2278.348915945814	2365.8478260869565	1	0.03698416659615133
1002	2016-02-12 05:00:00	875.4299842461504	875.4299842461504	-576.3346787948174	2136.5359544725297	2429.8846153846152	1	0.12072534599164607
1095	2016-02-16 02:00:00	878.9784635778585	878.9784635778585	-610.0269958534851	2230.893465745107	2609.9574468085107	1	0.14523760972690497
1193	2016-02-20 04:00:00	882.8748936458544	882.8748936458544	-490.3979636157884	2287.256600604271	2510.6703296703295	1	0.08898568897151632
1219	2016-02-21 06:00:00	883.919332390261	883.919332390261	-404.1862517916905	2290.280557214225	2737.840909090909	1	0.16347200832253425
1409	2016-02-29 04:00:00	891.551756733855	891.551756733855	-545.9275701772893	2182.6206797631335	5400.388888888889	1	0.5958400913953069
1624	2016-03-09 03:00:00	900.188382460531	900.188382460531	-509.8126841148451	2333.275461026242	3926.269230769231	1	0.4057270849535938
1636	2016-03-09 15:00:00	900.6704236737678	900.6704236737678	-439.3052028447859	2440.367559521513	2507.792349726776	1	0.026886113681864013
1673	2016-03-11 04:00:00	902.1567156691058	902.1567156691058	-532.101496890515	2352.8153042429904	3335.235294117647	1	0.29455792567539396
1934	2016-03-22 02:00:00	912.680443045218	912.680443045218	-560.1380150564909	2219.4666186570557	3323.0625	1	0.33210205385632807
1959	2016-03-23 03:00:00	913.684584045553	913.684584045553	-580.3464752922857	2333.692953543864	3478.7419354838707	1	0.32915605790135677
1985	2016-03-24 05:00:00	914.7289086403301	914.7289086403301	-415.72006511773895	2219.3703884214547	2399.488888888889	1	0.07506536133653044
2343	2016-04-08 03:00:00	930.0628866382544	930.0628866382544	-463.25758383495037	2342.249476268919	4255.212765957447	1	0.44955761201710454
2441	2016-04-12 05:00:00	934.9587321601553	934.9587321601553	-528.7512376254093	2326.4798476923597	2388.5	1	0.025966151269684018
2513	2016-04-15 05:00:00	938.5908914055127	938.5908914055127	-455.7823338989643	2317.7347180748134	2809.9285714285716	1	0.17516240745704298
2723	2016-04-23 23:00:00	949.1854837304048	949.1854837304048	-352.9760527811653	2338.340647067025	2441.8345588235293	1	0.04238367066373539
2750	2016-04-25 02:00:00	950.5477238831178	950.5477238831178	-585.8713430882036	2319.604490914049	3892.346153846154	1	0.4040600709107096
2773	2016-04-26 01:00:00	951.7081506798733	951.7081506798733	-585.0644490497062	2397.4007344996708	2402.16	1	0.0019812441720489446
2968	2016-05-04 04:00:00	961.5467890585152	961.5467890585152	-615.728150502547	2329.9356865107984	5196.222222222223	1	0.5516096912586669
2993	2016-05-05 05:00:00	962.8082073126957	962.8082073126957	-477.11001604660254	2393.6568731963403	2443.9166666666665	1	0.02056526482913067
3737	2016-06-05 05:00:00	967.7584030792666	967.7584030792666	-449.71531301988443	2288.301660377854	5359.605263157895	1	0.5730466054827366
3782	2016-06-07 02:00:00	967.1124549963015	967.1124549963015	-452.0671013690336	2375.977227617219	3441.3870967741937	1	0.30958733766266616
3855	2016-06-10 03:00:00	966.064583661714	966.064583661714	-506.4624220437723	2360.9897612297386	2627.6428571428573	1	0.10147996147507711
3905	2016-06-12 05:00:00	965.3468635695307	965.3468635695307	-523.8921833512409	2293.28569721084	2909.5142857142855	1	0.21179775316076896
4083	2016-06-19 15:00:00	962.7917800413582	962.7917800413582	-349.11718528043815	2322.044988659998	2404.593220338983	1	0.03432939550056112
4263	2016-06-27 03:00:00	960.2079877094983	960.2079877094983	-554.9466996159898	2254.1246440648365	2927.6486486486488	1	0.23005629616610557
4285	2016-06-28 01:00:00	959.8921908689375	959.8921908689375	-407.23356439293747	2510.365441365102	2802.9302325581393	1	0.10437819243400266
