	ds	trend	yhat	yhat_lower	yhat_upper	fact	anomaly	importance
54	2016-01-03 06:00:00	0.09692082300961899	0.09692082300961899	0.034460870542090405	0.15891429651429537	0.1648105462717853	1	0.03577592509017326
148	2016-01-07 04:00:00	0.09510438033927286	0.09510438033927286	0.034280136985323624	0.15945529352956922	0.17794181063317968	1	0.1038908002443547
244	2016-01-11 04:00:00	0.09324932254565779	0.09324932254565779	0.02451997767193702	0.16321220365231326	0.1842572789434007	1	0.11421570649348381
436	2016-01-19 04:00:00	0.0895421036914073	0.0895421036914073	0.02704192071180155	0.14918100679928317	0.16822242883594093	1	0.11319193384865418
546	2016-01-23 20:00:00	0.08739397197113638	0.08739397197113638	0.024233504098175478	0.15070578145986374	0.0	-1	inf
548	2016-01-24 07:00:00	0.08718299474860977	0.08718299474860977	0.017380662584909494	0.15692732619694413	0.16770864977937905	1	0.06428603173788448
786	2016-02-03 05:00:00	0.08669138658725266	0.08669138658725266	0.014066678552594579	0.153298401086833	0.1551567032192434	1	0.011976937469369465
905	2016-02-08 04:00:00	0.08702404605535308	0.08702404605535308	0.022180727186074705	0.15165729191227867	0.1618460453501395	1	0.06295336667521512
1001	2016-02-12 04:00:00	0.08729240989678207	0.08729240989678207	0.019753137316780685	0.15096849585269337	0.15443615883658124	1	0.022453698732284748
1097	2016-02-16 04:00:00	0.0875607737997184	0.0875607737997184	0.02378629973589205	0.14802865772439577	0.1488822817714388	1	0.005733550271304282
1098	2016-02-16 05:00:00	0.08756356925704066	0.08756356925704066	0.02418772687493293	0.14718521446934046	0.16166611984668813	1	0.08957291355220413
1194	2016-02-20 05:00:00	0.08782985009201544	0.08782985009201544	0.026303655318687693	0.14806547243403023	0.16768212690901826	1	0.11698715203935674
1311	2016-02-25 02:00:00	0.08810259418894388	0.08810259418894388	0.024484669344864592	0.1469562437850436	0.16990801494868968	1	0.1350835107489029
1312	2016-02-25 03:00:00	0.08810446434218118	0.08810446434218118	0.02376527624153729	0.16000068082278748	0.16288607068302702	1	0.01771415964631159
1313	2016-02-25 04:00:00	0.08810633449541849	0.08810633449541849	0.028945310019966416	0.14757651016448836	0.1509992340549442	1	0.02266716061096315
1387	2016-02-28 06:00:00	0.08824472583497865	0.08824472583497865	0.023980418498744663	0.1487468491790938	0.15584119093921167	1	0.045522892358318294
1410	2016-02-29 05:00:00	0.0882623038924609	0.0882623038924609	0.025262224216400536	0.15646928151159675	0.15780003506368556	1	0.008433163855456297
1433	2016-03-01 04:00:00	0.08827090472630468	0.08827090472630468	0.023930564931478358	0.15221254903913345	0.16401001268924773	1	0.07193136233985367
1577	2016-03-07 04:00:00	0.08826815809361432	0.08826815809361432	0.02496302453074038	0.15601840700766112	0.1734089951920811	1	0.10028654029830945
1698	2016-03-12 05:00:00	0.08815765216391407	0.08815765216391407	0.021179876468405554	0.15436477756924788	0.16264920983789685	1	0.05093435299750667
1792	2016-03-16 04:00:00	0.08807055672241694	0.08807055672241694	0.029455155872979085	0.1540457760158866	0.15798763014983436	1	0.024950397257110176
1865	2016-03-19 05:00:00	0.08800319884340203	0.08800319884340203	0.02643336691553449	0.15337890935775203	0.16533752765405982	1	0.07232851770548504
1936	2016-03-22 04:00:00	0.0879375385815354	0.0879375385815354	0.027910138093999545	0.1531089253336511	0.17621796821616312	1	0.13113897019947815
1960	2016-03-23 04:00:00	0.08791534359611552	0.08791534359611552	0.026172213288843532	0.15691656577925134	0.1606363874388364	1	0.023156781093582657
2104	2016-03-29 04:00:00	0.08778217413605571	0.08778217413605571	0.021162782997270122	0.1555124453776381	0.19179401019599726	1	0.18916943642443518
2216	2016-04-02 20:00:00	0.08767859917476922	0.08767859917476922	0.026598168069481804	0.1488201471475686	0.16722670002063006	1	0.11006946181913958
2225	2016-04-03 05:00:00	0.08767027618680871	0.08767027618680871	0.01687078770526039	0.15230089258640025	0.15529735762762575	1	0.019295016264284846
2416	2016-04-11 04:00:00	0.08749372036994489	0.08749372036994489	0.018892324760598524	0.14518701779673754	0.15764326502361714	1	0.07901541004630604
2537	2016-04-16 05:00:00	0.0873820138476193	0.0873820138476193	0.02389243025315296	0.15384189973237855	0.15932936615736049	1	0.034441023380224076
2561	2016-04-17 05:00:00	0.08735985729932422	0.08735985729932422	0.0284630508476761	0.15298878670912847	0.15457786266603896	1	0.010280100458780722
2730	2016-04-24 06:00:00	0.08720748078737475	0.08720748078737475	0.02429485344420063	0.15155551391833455	0.16144240388024514	1	0.061240973401538876
2752	2016-04-25 04:00:00	0.08718813610417446	0.08718813610417446	0.019457138553141993	0.15444854890274443	0.15852705473779824	1	0.025727506524357065
3054	2016-05-07 18:00:00	0.08697776151884884	0.08697776151884884	0.024712031955640715	0.1527238645565489	0.16147964273329113	1	0.05422217951772262
3066	2016-05-08 06:00:00	0.08697041495651153	0.08697041495651153	0.02089875756080741	0.1488684806398293	0.14994903377612512	1	0.007206136038923016
3329	2016-05-19 05:00:00	0.08688421322355955	0.08688421322355955	0.02347369094926663	0.15252968707296485	0.16809821200255431	1	0.09261564857901577
3353	2016-05-20 05:00:00	0.08688262955536631	0.08688262955536631	0.016771962038815504	0.14862390877885484	0.14953399979286464	1	0.006086181171308588
3423	2016-05-23 03:00:00	0.08687839010273513	0.08687839010273513	0.021895408142353325	0.15280208823701572	0.16130923248069787	1	0.052738111221873864
3448	2016-05-24 04:00:00	0.0868768760125097	0.0868768760125097	0.02302169151020896	0.1492532673786216	0.16068457880807635	1	0.0711413099766621
3570	2016-05-29 06:00:00	0.08686951310469154	0.08686951310469154	0.02035619829724693	0.14516721731984594	0.1594948084062791	1	0.08983108120946906
3594	2016-05-30 06:00:00	0.08686806670979429	0.08686806670979429	0.024911421177274448	0.15248628029890052	0.1691717771101268	1	0.09863049910721464
3613	2016-05-31 01:00:00	0.08686692164716729	0.08686692164716729	0.01669247219819242	0.14292615427496486	0.15662252854777228	1	0.08744830261522576
3760	2016-06-06 04:00:00	0.08685806247842162	0.08685806247842162	0.018939672979499403	0.14897551352972177	0.16019541199569215	1	0.07003882524595709
3906	2016-06-12 06:00:00	0.08684926357613	0.08684926357613	0.022637132672220207	0.14793687531153468	0.303930235921403	1	0.5132538397733107
3928	2016-06-13 04:00:00	0.08684793771414084	0.08684793771414084	0.02614533893391069	0.14551827114931384	0.15687765035598697	1	0.07240916205014805
3929	2016-06-13 05:00:00	0.08684787744768681	0.08684787744768681	0.03036650645652322	0.14600578902220734	0.14920298935487797	1	0.021428527313659327
4074	2016-06-19 06:00:00	0.08683913881184922	0.08683913881184922	0.019558946184256548	0.15381858683128996	0.1541686537851375	1	0.0022706752978165178
4094	2016-06-20 02:00:00	0.08683793348276818	0.08683793348276818	0.025141791445959075	0.14351265079536046	0.15224823595701875	1	0.057377250427548036
4096	2016-06-20 04:00:00	0.0868378129498601	0.0868378129498601	0.02508517460475362	0.14869060882664653	0.184480940008845	1	0.1940055768388999
4097	2016-06-20 05:00:00	0.08683775268340603	0.08683775268340603	0.019222127183630523	0.15085467171239417	0.15152284593228074	1	0.0044097259114655105
4289	2016-06-28 05:00:00	0.086826181524228	0.086826181524228	0.022727360747233045	0.14655371593261984	0.1662603576604943	1	0.1185288062961807
4312	2016-06-29 04:00:00	0.0868247953957848	0.0868247953957848	0.022071138921787935	0.14711700080976028	0.15435712610016472	1	0.0469050277970724
4337	2016-06-30 05:00:00	0.0868232887344335	0.0868232887344335	0.020481929115260533	0.14606242286882065	0.15810497609567278	1	0.07616808480186556
